1
1
1
1
1
1
1
1
1
1
1
1
1
1
1
1
1
1
1
1
1
1
1
1
1
1
1
1
1
1
1
1
1
1
1
1
1
1
1
1
1
1
1
1
1
1
1
1
1
1
1
1
1
1
1
1
1
1
1
1
1
1
1
2
2
2.5
2
2
2
2
2
2.06
2.28
2.43
2.28
2
2.46
2.08
3.97
3.1
3.67
3.84
3.89
3.37
2
3.84
2.84
2.4
2.13
3.68
3.68
4.69
2.5
3.57
2.69
3.57
2.56
3.06
2.69
2.7
3.37
3
2.97
3.07
2.75
3.44
2
2.83
3.4
2.88
2
2.46
2.06
2.06
2.06
2.9
3.68
3.68
2.87
3.14
2.41
2.06
2.08
2.11
2.1
2.18
2.39
2.39
2.39
3.89
3.89
2
2
2
2
3.89
3.89
3.68
3.83
2
2
2
3.42
2.06
2.06
2.06
2.06
2.34
2
2.36
2
2
2
2
2
2
3.85
3.9
3.9
3.9
2.12
2.12
3.86
3.65
3.67
3.68
3.82
3.57
3.77
3.91
3.76
3.82
2.37
2
2
2
2
2
2
3
3
3
2.67
2
3.84
3.77
3.9
3
3
3.69
2.97
3.29
2
2
3
2
2
3
2
2.67
3.8
3.47
4.41
2.12
2.12
2
2.97
2.69
3
2.98
3.44
3.38
2.15
2.87
3.66
3.1
2.67
2.47
3.26
3.24
3.01
2
2
2
2
3.78
3.3
3.26
3
2
2
2
2
2
2
2
2
2
2
2
2
2
2
2
2
2
2
2
2
2
2
2
2.38
3.57
2
2.41
3.66
3.66
3.66
3.66
3.6
4.2
4.03
3.89
3.89
3.9
2.22
2.14
2.14
3.57
2.08
2.38
2
2
2
2
2.02
3
3
3.97
3
3
2.5
3
3.23
2.98
3.03
2.96
3
3
3
2
3.32
2
2
2
4.19
4.19
3
4.61
4.11
3.11
3.11
4.54
4.38
4.1
4.11
4.34
3.26
3.26
4.31
4.88
4.54
2
2
2
2
2
2
2
2
2
2
2
2
2
2
2
2
2
2
2
2
2
2
2
2
2
2
2
2
2
2
2
2
2
2
2
2
2
2
2
2
2
2
2
4.19
3.66
3.78
3.52
3.52
3.52
2
2
2
2
2
2
2
2
2
2
2
2
2
2
2
2
2
2
2
2
2
2
2
2
2
2
2
2
2
2
3.1
3.14
3.11
3.11
2
2
2
2
2
2
2
2
2
2
2
2
2.27
2.06
2.06
3.74
3.86
3.85
3.72
3.71
3.9
3.91
3.91
3.91
4.01
3.91
3.75
3.5
3.61
3.32
3.8
4.09
3.54
4.79
4.09
3.86
4.14
3.68
3.8
4.08
3.83
4.02
3.81
3.64
4.17
4.24
3.61
4.34
4.75
4.58
3.47
3.79
3.35
3.48
3.59
3.38
3.71
3.42
4.71
3.17
3.68
3.96
3.72
4.45
4.43
4.39
4.43
4.23
4.21
5
4.33
4.28
4.11
3.88
4.08
4.25
4.78
3.8
4.29
4.74
4.68
4.88
4.88
4.87
4.07
4.07
3.75
4.51
3.26
5.07
4.51
4.51
