621916
174715
174781
174985
175055
175092
175155
175155
176469
error
176561
176567
176481
176661
error
176596
176622
176571
176832
176835
176803
176815
176927
176888
176885
179738
559494
161789
161722
161128
error
error
623023
171676
171645
165324
171978
171982
error
167454
166365
172902
172894
172894
161997
97118
616675
98734
70498
error
error
error
89687
90063
81692
95044
93601
93994
91387
542677
92814
92246
93523
error
error
65891
65920
65467
95148
23692
65258
66917
error
68171
66618
67511
68591
573809
11343
70419
70405
78104
76279
567846
79454
80901
error
118831
733321
error
6503
error
