1.20E+004
2.25E+003
1.10E+003
1.03E+004
1.11E+003
7.10E+002
2.15E+003
7.00E+002
5.40E+002
6.30E+001
1.80E+002
2.27E+002
2.43E+002
4.80E+001
3.01E+002
7.25E+002
1.17E+002
1.10E+002
3.86E+002
1.80E+002
8.85E+002
1.33E+003
2.30E+002
1.26E+002
1.10E+002
4.46E+002
4.87E+002
3.00E+000
5.00E+000
9.00E+001
2.00E+000
1.25E+002
1.00E+001
2.00E+000
8.50E+001
1.50E+000
6.20E+000
6.20E+000
1.50E+001
1.50E+001
2.00E+000
2.70E+001
1.25E+002
2.70E+001
4.80E+002
2.26E+000
2.27E-002
1.00E+001
1.34E-003
6.82E-006
6.82E-006
6.82E-006
3.92E-006
1.56E-001
6.67E-001
3.18E-002
9.09E-003
9.09E-003
2.95E-002
2.27E-002
1.36E-002
1.82E-002
2.27E-002
1.30E-004
6.67E-006
1.25E+000
1.25E-001
1.88E-002
6.25E-003
1.25E+000
6.25E-001
4.17E-004
4.17E-004
2.08E-004
1.25E-004
1.67E-001
1.11E-002
5.56E-004
2.50E-001
9.00E-002
1.60E-002
1.00E-003
8.00E-004
7.00E-002
4.00E-001
5.00E-001
1.05E-004
1.05E-002
4.35E-005
1.25E-005
2.50E-003
5.00E-004
