error
error
error
error
error
error
error
95419
93430
93455
93528
657054
93806
94566
94213
94466
error
81523
79737
72623
72624
97775
98454
98902
error
98696
92617
error
544186
157520
93321
93783
93587
93589
90745
91061
84195
90138
96751
96174
96383
95603
96944
160953
680665
173061
error
165551
164737
166976
166977
165993
161837
165631
165657
165645
165682
171808
171791
169187
169267
166493
166458
169290
76120
71044
82282
76260
76083
74253
70724
74107
73267
72324
72288
error
72897
74098
75698
75699
74400
74394
74394
72888
error
79039
75991
72111
72135
73552
69921
73617
74568
error
74286
66661
67413
67116
67515
66570
66659
error
65587
error
66781
66101
65870
66157
65467
error
68232
68076
86088
error
error
error
error
176209
175145
176506
554135
174469
174773
174826
175187
174715
178106
175183
176638
176619
176887
176837
176824
176830
175420
175430
175086
39077
error
error
error
error
error
