5.00E-004
1.00E-010
3.00E-010
5.00E-010
1.00E-008
3.37E-001
1.84E+002
9.83E+000
2.25E+001
1.84E+001
3.65E+001
1.23E+001
1.24E+001
4.27E+000
6.30E+000
9.09E+000
6.90E+000
4.30E+000
4.50E+002
2.80E+003
6.00E-003
1.22E+001
5.00E+000
1.00E+001
4.00E+000
5.00E-003
2.00E-001
1.40E-001
1.20E+001
5.87E+001
6.38E+001
5.00E+000
5.82E+001
3.90E+001
2.40E+002
2.30E+001
5.70E+001
4.00E+001
9.00E+001
1.08E+005
3.10E+002
2.88E+002
8.20E+002
9.83E+002
7.00E+001
7.00E+001
3.30E+000
3.70E+001
1.10E+001
1.60E+001
7.77E+002
2.59E+003
4.78E+003
9.60E+002
1.50E+002
1.10E+002
2.80E+003
1.40E+003
1.30E+001
3.50E+001
1.00E+001
2.70E+001
3.00E+003
1.80E+002
9.86E+003
6.25E+003
3.16E+003
1.00E+001
3.34E+002
1.24E+003
8.00E+004
3.60E+004
3.90E+003
9.00E+004
3.50E+005
3.50E+005
1.16E+005
3.50E+005
1.00E+005
6.72E+005
1.10E+005
5.02E+003
1.90E+001
1.20E+002
1.30E+002
1.64E+002
1.50E+001
1.51E+001
1.37E+002
2.40E+002
4.40E+002
1.30E+001
7.30E+002
1.50E+002
1.83E+003
1.22E+005
1.42E+003
1.13E+004
1.84E+004
2.82E+002
5.00E+001
8.00E+000
9.00E+003
1.08E+004
2.90E+002
6.90E+002
5.00E+005
1.05E+001
4.10E+000
2.20E+000
1.50E+001
3.00E+001
6.85E+002
4.77E+003
8.50E+002
5.30E+003
1.88E+002
8.61E+002
2.51E+002
4.80E+002
1.80E+003
1.27E+003
1.36E+003
1.19E+003
6.14E+002
2.98E+002
8.38E+002
5.70E+001
1.63E+002
5.83E+002
1.81E+002
3.97E+002
6.12E+003
9.14E+003
1.56E+003
4.47E+002
2.30E+002
1.32E+002
2.50E+001
1.50E+002
2.28E+003
2.30E+002
5.00E+001
7.73E+003
9.70E+001
5.51E+003
3.50E+003
7.00E+004
1.59E+003
1.34E+004
9.80E+002
1.21E+003
3.57E+003
1.13E+003
1.60E+005
1.89E+003
2.94E+003
2.70E+003
2.20E+002
4.48E+002
7.67E+002
4.40E+002
3.93E+002
6.00E+002
9.50E+002
3.00E+003
2.30E+005
6.41E+002
6.40E+002
6.40E+002
2.09E+003
3.00E+001
6.50E+001
1.50E+001
2.20E+003
3.05E+003
3.05E+003
5.57E+003
1.76E+003
1.00E+002
3.00E+001
1.00E+001
1.99E+003
1.31E+003
2.80E+003
4.83E+002
9.00E+002
9.30E+001
3.39E+002
4.12E+002
1.68E+002
5.00E+001
6.80E+001
5.40E+001
1.65E+003
7.00E+002
8.56E+003
1.41E+002
2.30E+004
1.10E+003
5.56E+003
3.24E+002
1.51E+003
1.50E+002
2.73E+003
2.43E+003
3.25E+002
4.60E+002
3.18E+002
2.80E+002
1.22E+004
3.43E+004
4.80E+003
1.60E+003
2.12E+002
1.00E+001
4.33E+003
8.00E+001
1.20E+003
6.91E+002
5.40E+002
1.98E+003
2.92E+003
3.82E+005
2.38E+004
5.00E+001
6.40E+001
9.00E+001
6.40E+001
9.00E+004
1.70E+004
1.23E+004
1.10E+003
2.10E+001
1.20E+003
4.50E+003
1.54E+003
1.70E+003
6.00E+002
5.78E+004
1.30E+003
4.01E+005
1.80E+004
1.10E+003
1.10E+003
4.00E+002
8.20E+001
9.20E+001
1.50E+004
