8.38E-001
6.24E-001
2.82E-001
2.04E-002
5.05E-001
3.73E+002
2.70E+001
2.82E-001
5.05E-001
2.29E-005
3.27E-002
1.03E-001
1.18E-002
4.99E-002
2.04E-002
2.82E-001
2.04E-002
7.29E-002
2.04E-002
2.82E-001
2.70E+001
2.04E-002
1.01E+000
3.19E-001
2.82E-001
6.06E-002
6.06E-002
2.82E-001
2.04E-002
1.03E-001
4.38E-003
8.74E-003
9.76E-017
3.16E-020
5.80E-016
3.03E-018
4.37E-019
1.80E-017
4.91E-022
5.35E-010
5.04E-017
6.80E-021
3.16E-020
4.01E-005
9.28E-002
9.39E-005
5.88E-005
2.10E-004
9.44E-004
8.13E-005
3.21E-005
1.90E-004
9.39E-005
6.96E-005
1.72E-004
1.08E-004
1.38E-004
4.90E-005
2.10E-004
2.51E-005
8.13E-005
5.88E-005
3.70E-004
1.23E-002
1.73E-003
1.18E-003
1.18E-002
5.05E-003
2.39E-003
1.18E-003
3.46E-002
6.17E-003
2.90E-002
8.76E-003
2.64E-002
4.01E-005
7.37E-004
1.18E-003
1.35E-002
7.40E-003
7.37E-004
2.39E-003
7.40E-003
6.99E-004
9.44E-004
7.76E-004
3.00E-003
3.41E-003
4.31E-004
1.44E-003
9.44E-004
1.18E-003
1.44E-003
1.73E-003
8.76E-003
3.16E-003
1.23E-003
2.53E-003
1.49E-003
1.73E-002
7.40E-003
5.05E-003
4.33E-003
2.84E-003
2.32E-003
3.75E-004
1.38E-004
3.16E-003
3.48E-004
5.05E-003
1.18E-003
6.17E-003
8.16E-004
8.76E-003
3.46E-002
3.46E-002
7.40E-003
8.06E-003
1.94E+000
6.38E+000
4.35E+000
5.05E-003
1.18E-002
1.18E-003
1.87E+001
1.48E-001
2.76E-003
6.38E+000
1.94E+000
2.55E+001
1.49E+000
9.32E-001
1.87E+001
2.74E+001
6.35E-001
1.87E+001
6.35E-001
6.38E+000
1.48E-001
6.35E-001
4.05E-003
7.93E-003
9.93E-003
8.06E-003
2.40E-002
7.40E-003
7.80E-003
2.49E-002
2.12E-002
7.40E-003
4.39E-002
5.43E-002
1.73E-002
5.43E-002
9.33E-003
2.40E-002
5.05E-003
3.46E-002
1.73E-002
2.16E-002
2.16E-002
1.18E-002
6.35E-001
3.02E+000
7.40E-003
1.13E-003
3.21E-005
1.48E-001
3.00E-001
1.49E+000
5.43E-002
3.17E-002
5.07E-002
6.35E-001
6.35E-001
2.17E-001
8.76E-003
9.32E-001
2.16E-002
1.19E-001
9.28E-002
3.46E-002
1.18E-002
3.00E-001
1.54E-002
1.02E-002
1.18E-002
4.05E-003
5.07E-002
7.76E-001
1.10E+000
5.07E-002
5.07E-002
1.02E-002
1.48E-001
1.81E-001
2.17E-001
2.39E-003
5.07E-002
7.40E-003
3.46E-002
9.28E-002
2.16E-002
2.16E-002
2.57E-001
5.05E-003
5.07E-002
1.73E-003
1.18E-002
3.46E-002
3.46E-002
3.16E-003
6.35E-001
1.03E-003
1.13E-003
1.18E-002
2.31E-004
3.02E+000
6.35E-001
2.72E+000
3.77E-001
6.35E-001
4.35E+000
3.00E-001
1.49E+000
9.32E-001
1.48E-001
9.28E-002
2.73E-001
1.18E-002
1.48E-001
3.02E+000
7.76E-001
6.38E+000
1.49E+000
7.76E-001
6.35E-001
2.57E-001
2.67E-001
6.35E-001
5.33E-001
5.97E-002
1.87E+001
8.06E-002
2.72E+000
3.34E-003
2.83E-001
2.57E-001
1.71E+000
7.01E-002
1.02E-002
2.64E-002
7.04E-001
2.25E-001
6.35E-001
5.07E-002
1.08E-001
3.02E+000
9.32E-001
2.03E+004
7.67E+001
2.01E+003
5.85E+001
3.43E+001
4.29E+002
3.40E+003
5.15E+002
1.99E+002
4.32E+002
5.55E+002
1.21E+001
6.15E+003
7.82E+001
2.31E+001
2.41E+002
1.48E+001
5.39E+000
1.08E+000
2.14E+001
1.08E+000
4.00E+006
5.06E+000
7.02E+001
2.36E+001
2.27E+000
2.69E+000
2.17E+002
1.01E+004
2.24E+001
6.48E+002
1.97E+003
4.35E+003
9.93E+002
4.72E+001
1.81E+004
1.36E+003
1.21E+004
9.93E+002
4.72E+001
2.35E+002
3.36E+001
1.05E+003
5.00E+004
6.60E+003
4.50E+004
2.51E+002
3.92E+000
4.00E+003
4.67E+003
2.95E+003
1.40E+004
7.00E+003
1.00E+003
1.31E+002
2.73E+001
3.47E+002
7.12E+001
4.50E+003
6.09E+001
9.56E+002
1.60E+004
9.50E+003
5.22E+001
1.67E+002
1.33E+002
1.00E+003
2.00E+003
1.00E+002
1.50E+003
3.20E+004
3.11E+003
9.60E+004
2.50E+004
8.00E+003
4.68E+004
1.01E+004
1.73E+005
9.89E+002
2.00E+003
2.37E+003
4.01E+003
2.57E+003
4.29E+003
1.07E+002
2.49E+001
1.33E+003
9.25E+001
1.38E+002
2.30E-004
