9.50E-006
1.00E-005
8.00E-005
5.00E-006
4.00E-006
0
0.01
0.01
0.01
0.01
0.01
0
0
0.01
0
0
0.12
0.02
0.12
0.05
0.07
0
6.38
2.72
2.18
3.65
0.01
0
0
0.05
0.01
0
0
0.01
0.01
0
3.18E-007
0
0.01
0.01
0.07
0.03
0.04
4900
5500
192
39.4
1500
301
366
714
15.1
6.88
21.8
45.6
16.1
7.68
5.86
1.18
1500
450
4.8
135
45000
0
0
0.01
0.01
0
0
0
0.01
0.11
0.01
0.01
0.04
0.28
0.2
0.01
0.01
0
0.01
0
0.01
0.03
1.23
0.29
0
0.02
0
0
0.02
0.01
0.01
0.02
0.02
0.4
0.93
1.49
0.64
0.09
0.15
0.51
0.3
0.05
1.29
0.93
7.31
0.05
4.35
0.09
0.93
7.46E-007
1.25E-005
2.53E-009
0
0.09
350
450
65
1500
4500
3600
350
1990
4000
170
600
642
250
450
642
1250
1050
7000
530
370
40.8
0
0
0
6.50E-005
5.20E-007
