error
error
error
error
error
error
error
error
error
error
error
error
error
error
error
69459
79118
82115
error
error
error
error
error
error
error
93294
error
92120
error
error
error
error
error
error
error
error
error
error
error
error
error
172252
172251
172254
164523
164556
168309
168308
166038
166006
166411
173139
173170
173174
165585
165554
165571
165577
171167
171203
171304
171307
172759
172761
168607
168607
168615
171304
168673
168677
168689
168709
168710
160304
160310
160275
160318
160330
160336
160189
160433
160206
169623
169558
169562
169563
170224
171412
171415
161753
161754
161759
161748
635414
167624
160951
173385
173392
173390
168832
161838
122985
169539
166416
169015
169032
159977
171754
171828
636772
168017
168018
167990
169084
169086
169060
169058
169063
169064
169065
169066
169074
613026
169069
165461
165460
166172
622125
622129
166173
622110
166211
169505
169504
170484
170496
170503
170506
170507
170509
170510
614513
614546
170566
170568
168849
168850
168847
168848
168857
168846
168860
168907
168548
161116
646456
173129
173157
173158
173179
170336
169408
169421
161171
161188
161193
160978
164576
161449
161450
161465
170928
170927
170932
173246
173244
173237
173238
173239
169471
169611
169623
169625
169632
169633
170046
170047
170080
170084
170116
615421
615345
615485
170191
168178
168181
170812
170582
170814
170815
170816
170863
170864
170865
170866
170867
169314
169317
169325
646513
172402
172435
172437
166816
166820
166821
166825
166862
167746
181220
167740
167696
167700
167695
167706
167807
167808
167812
167813
167760
167767
167764
167838
167860
169190
169197
169198
169202
169193
650251
170427
160508
160502
162376
162377
162382
173320
173300
160230
