2173
2827
2492
5076
10209
550496
1520
2504
5318
2758
2248
error
45820
45800
5078
4604
5318
3675
4684
3577
9930
10102
10209
85263
error
85431
85367
85257
85746
85741
85267
85266
85369
88805
42932
78089
76340
779941
85431
85599
660852
95575
95573
95168
206587
error
667068
53881
53869
95534
89928
11337
10777
10976
6721
11300
11222
11228
11233
11227
13292
error
error
11315
12842
error
11910
11323
89602
89687
70405
error
93776
93771
94353
94232
94245
94501
90877
95415
93592
90844
90846
90836
error
96807
93776
93549
98426
94153
92868
683155
96792
93809
93808
93807
94520
94527
545650
93002
90044
94353
657416
94458
97811
96967
94779
94781
94775
94561
94790
657269
93967
93735
96775
96756
90136
95006
91061
93630
93833
47771
66048
67741
67228
67227
64873
64872
67415
67145
68077
204677
67207
67263
65258
68091
64440
66103
64513
67420
204492
66729
66337
67760
66013
65484
65912
573724
23692
66832
67027
67773
67799
621136
66595
66864
68069
67982
155159
155156
error
83545
79091
78900
78901
71022
73335
73737
73727
73795
76148
76140
567517
567549
567574
567611
69759
69897
69879
567887
567049
74657
76176
69514
76114
69916
73377
79689
80831
80837
80501
80681
error
80570
567536
81765
81451
81917
81035
81041
79479
79475
81694
79193
79192
81890
80879
81964
80508
80548
79261
79289
79303
79280
157402
157617
157425
157972
157969
157066
157152
159309
159507
52569
52661
96967
97171
96792
97153
96775
164706
164712
172929
error
631156
166756
167578
171620
631023
167478
171603
550548
167201
167522
167862
162035
error
160901
167318
167578
171341
167275
622018
180655
180642
180639
error
180524
176646
175155
176982
176985
174536
176875
176808
176890
180542
error
error
error
