4.060681E-11
1.666857E-12
6.346787E-11
1.498707E-13
2.258940E-14
2.258940E-14
5.734901E-12
1.920822E-11
2.573293E-12
1.920822E-11
5.202088E-12
6.346787E-11
1.765222E-10
4.060681E-11
4.010289E-12
1.590935E-09
4.892737E-11
1.498707E-13
3.440880E-14
1.188101E-10
3.440880E-14
1.188101E-10
1.100000E-10
2.099798E-04
1.232940E-02
9.394672E-05
6.956183E-05
7.137219E-06
6.431421E-04
9.437050E-04
5.749964E-03
5.454543E-03
9.277180E-02
3.700000E-04
4.900000E-06
1.714278E-02
9.394672E-05
4.897953E-05
2.099798E-04
2.509452E-05
3.457514E-02
1.182719E-02
5.806373E-02
8.064938E-03
5.437377E-03
2.902141E-02
8.127535E-05
1.810721E-01
9.277180E-02
5.070428E-02
2.902141E-02
2.700000E+01
5.051050E-01
4.987006E-02
2.035868E-02
2.816134E-01
2.035868E-02
7.287438E-02
2.035868E-02
2.816134E-01
8.378594E-01
6.235170E-01
2.816134E-01
2.035868E-02
1.008042E+00
3.188780E-01
2.816134E-01
1.008042E+00
1.182719E-02
3.457514E-02
2.173740E-01
5.047659E-03
1.182719E-02
5.047659E-03
5.047659E-03
5.047659E-03
7.402367E-03
4.045752E-03
7.369126E-04
8.757316E-03
1.438307E-03
5.047659E-03
5.047659E-03
4.045752E-03
8.757316E-03
1.482269E-01
5.047659E-03
4.045752E-03
6.354626E-01
1.177408E-03
5.047659E-03
1.177408E-03
9.277180E-02
5.047659E-03
3.047673E-03
7.047659E-03
5.047659E-03
3.159213E-03
2.176943E-03
2.386689E-03
7.402367E-03
5.047659E-03
5.047659E-03
2.386689E-03
7.008626E-02
1.705069E+00
7.402367E-03
5.047659E-03
7.402367E-03
2.163979E-02
1.182719E-02
7.402367E-03
4.045752E-03
5.047659E-03
2.163979E-02
7.402367E-03
2.902141E-02
4.045752E-03
1.726663E-03
2.995633E-03
1.177408E-03
6.383291E+00
7.402367E-03
1.177408E-03
1.726663E-03
1.177408E-03
2.245736E-03
1.726663E-03
1.904366E-04
5.070428E-02
2.163979E-02
3.457514E-02
5.070428E-02
2.163979E-02
2.643490E-02
2.163979E-02
9.277180E-02
3.457514E-02
2.173740E-01
1.182719E-02
2.163979E-02
8.757316E-03
3.018217E+00
7.402367E-03
5.070428E-02
5.070428E-02
3.771279E-01
5.047659E-03
3.457514E-02
5.047659E-03
5.047659E-03
5.047659E-03
5.047659E-03
2.902141E-02
5.047659E-03
1.033940E-03
4.386538E-02
5.070428E-02
4.386538E-02
5.070428E-02
7.008626E-02
5.047659E-03
9.277180E-02
2.173740E-01
7.008626E-02
1.360494E-01
4.064002E-02
3.977214E-01
3.004664E-01
5.070428E-02
7.402367E-03
1.182719E-02
4.721998E-02
3.771279E-01
2.408270E-01
5.070428E-02
1.734452E-02
3.457514E-02
1.734452E-02
2.163979E-02
1.734452E-02
2.163979E-02
5.047659E-03
7.402367E-03
5.047659E-03
5.047659E-03
7.008626E-02
5.093300E-01
1.482269E-01
2.163979E-02
5.047659E-03
5.070428E-02
4.236863E-03
1.595831E-02
1.675210E-01
5.070428E-02
2.098356E-01
1.301654E-01
1.482269E-01
2.408270E-01
1.810721E-01
4.188891E-01
3.473111E-01
2.163979E-02
3.457514E-02
1.810721E-01
7.762733E-01
2.571627E-01
1.182719E-02
2.902141E-02
7.402367E-03
2.163979E-02
1.182719E-02
8.757316E-03
5.070428E-02
1.360494E-01
3.281467E-01
3.977214E-01
9.319028E-01
3.977214E-01
7.008626E-02
6.090665E-01
9.815009E-01
2.183546E+00
6.354626E-01
7.008626E-02
5.070428E-02
5.070428E-02
1.538271E-02
4.064002E-02
1.089780E+03
9.600000E+04
7.000000E+03
6.400000E+03
2.750000E+03
2.000000E+03
5.219000E+01
4.000000E+01
5.830303E+01
4.352670E+01
8.590067E+00
5.000000E+01
7.815000E+01
2.306000E+01
2.406300E+02
1.478000E+01
2.300000E+01
2.014828E+03
5.851796E+01
3.432000E+01
4.292400E+02
1.012000E+03
4.000000E+04
2.750000E+05
1.350000E+05
2.000000E+06
4.000000E+04
5.239535E+07
4.084459E+01
1.106171E+03
7.806014E+01
3.256532E+02
8.802396E+02
6.001901E+02
2.300000E+03
4.084459E+01
5.000000E+04
2.583851E-13
1.867944E-14
8.326454E-12
