1
1
1
1
1
1
1
1
1
1
1
1
1
1
1
1
1
1
1
1
1
1
1
2.46
2
2
2
2
2.6
2.49
2
2.33
2
2
2
2
2.5
2
2
2
2.99
2.91
2
2
2
2
2
3.25
3.18
3.49
2
1
1
1
1
1
1
1
1
1
1
1
1
1
1
1
1
1
2
2
2
2
2
2
2
2
2
2
2
2
2
2
2
2
2
2.75
2.99
2
2.68
2
2
2
2.99
2
2
2
2
3.07
2
2
2
2
2
2
3.06
2
2.5
2.64
2.33
2.75
2.64
2
2
2
2
2
2
2
2
2
2
2
2.93
2
2
2
2
2
2
2
2
2
2
2
2
2
2.85
2.8
2.75
2
2
2
2
2
2
2
2.86
2
2
2
2
2
2
2
2
2
2
2
2
2
2
3.13
2
2
2
2
2
2.1
2.1
2
2
2
2
2
2
2
2
2
2
2
2
2
2
2.7
2.63
2
2
2
2
2
2
2
2
2
2
2
2
2
2
2
2
2
2
2
2
2
2
2
2
2
2
2
2
2
2.73
2
2.5
2.2
2.17
3.03
2
2
2
2
2
3.05
2.95
2.06
2
2
3.42
3.55
3.74
3.12
3.12
3.74
3.17
3.88
3.04
3.19
3.49
3.61
3.85
3.95
3.53
3.62
3.52
2.65
3.84
3.51
4.04
3.25
3.76
3.98
4.04
3
4.63
4.18
4.63
2
3.96
4.42
4.24
3.96
4.24
3.8
4.79
1
1
1

